TABLE NO.     1: First Order Conditional Estimation with Interaction: Problem=1 Subproblem=0 Superproblem1=0 Iteration1=0 Superproblem2=0 Iteration2=0
 NAME         THETA1       THETA2       THETA3       THETA4       THETA5       THETA6       THETA7       THETA8       THETA9       THETA10      THETA11      THETA12      THETA13      THETA14      THETA15      THETA16      SIGMA(1,1)   OMEGA(1,1)   OMEGA(2,1)   OMEGA(2,2)   OMEGA(3,1)   OMEGA(3,2)   OMEGA(3,3)   OMEGA(4,1)   OMEGA(4,2)   OMEGA(4,3)   OMEGA(4,4)
 THETA1        1.34525E+01 -1.11259E+01  3.32447E-02 -2.81958E-01  3.02787E-01  2.73429E-02 -3.82166E-04  1.62178E-02 -3.97804E+00 -3.64836E-03 -1.50111E+00 -6.22020E-02  1.62602E+00  2.14427E-01 -1.04867E+00  8.66587E-03 -3.89759E-03  7.11084E+01  0.00000E+00 -8.99709E-03  0.00000E+00  0.00000E+00  0.00000E+00  0.00000E+00  0.00000E+00  0.00000E+00 -8.86526E-02
 THETA2       -1.11259E+01  4.16487E+02 -7.94557E-02 -1.06123E+00  2.62585E+01  7.02353E-01  4.02933E-03  8.28260E-02 -4.22649E+00  1.70381E-02  1.33428E+01  1.00067E+00 -8.86637E+01 -3.21543E+00 -1.11276E+01  5.03416E-01 -1.10948E-01  3.25117E+02  0.00000E+00  1.29072E-01  0.00000E+00  0.00000E+00  0.00000E+00  0.00000E+00  0.00000E+00  0.00000E+00 -8.33923E-02
 THETA3        3.32447E-02 -7.94557E-02  4.20373E-04 -1.43534E-03 -2.75126E-03 -1.54209E-04  1.04800E-06 -2.11530E-05 -1.06234E-02 -6.93383E-06  3.66906E-03  1.06711E-04  3.19689E-02  6.57347E-04  2.21869E-03  1.32419E-04 -8.64472E-06  2.03197E-01  0.00000E+00 -1.53263E-04  0.00000E+00  0.00000E+00  0.00000E+00  0.00000E+00  0.00000E+00  0.00000E+00  1.80188E-04
 THETA4       -2.81958E-01 -1.06123E+00 -1.43534E-03  6.39472E-01 -2.29150E-01 -8.02004E-03 -4.30241E-05  7.30101E-04  4.99047E-01  2.01655E-04 -2.37188E-01 -6.88990E-03  7.09743E-01  1.02202E-02  1.52053E-01  1.68090E-03  1.32013E-04 -1.90896E+00  0.00000E+00  2.82681E-04  0.00000E+00  0.00000E+00  0.00000E+00  0.00000E+00  0.00000E+00  0.00000E+00 -5.65755E-02
 THETA5        3.02787E-01  2.62585E+01 -2.75126E-03 -2.29150E-01  1.81092E+01  5.72640E-01  2.04178E-03 -1.05929E-03  3.68546E+00  2.15518E-03  3.57388E-01  4.32813E-02 -8.46193E+00 -2.07842E-01 -7.24274E+00 -7.55109E-03 -4.82007E-03  5.19452E+01  0.00000E+00  7.47133E-02  0.00000E+00  0.00000E+00  0.00000E+00  0.00000E+00  0.00000E+00  0.00000E+00 -7.22481E-02
 THETA6        2.73429E-02  7.02353E-01 -1.54209E-04 -8.02004E-03  5.72640E-01  3.72552E-02 -9.07465E-05 -2.24828E-04 -6.32203E-02 -7.83327E-06 -5.98487E-03  2.81536E-03 -3.48052E-01 -2.78495E-03 -3.95236E-01 -7.29130E-03  1.16385E-04  1.52906E+00  0.00000E+00  5.54814E-03  0.00000E+00  0.00000E+00  0.00000E+00  0.00000E+00  0.00000E+00  0.00000E+00 -5.06994E-04
 THETA7       -3.82166E-04  4.02933E-03  1.04800E-06 -4.30241E-05  2.04178E-03 -9.07465E-05  6.93518E-06 -3.83687E-05  1.45175E-03 -1.70748E-07  4.56769E-04  3.44361E-05 -1.29655E-04 -1.19968E-04 -9.52453E-04  1.32381E-04  8.47359E-08 -3.92309E-03  0.00000E+00  1.47928E-05  0.00000E+00  0.00000E+00  0.00000E+00  0.00000E+00  0.00000E+00  0.00000E+00 -4.48456E-05
 THETA8        1.62178E-02  8.28260E-02 -2.11530E-05  7.30101E-04 -1.05929E-03 -2.24828E-04 -3.83687E-05  7.95875E-03 -8.23056E-03 -2.32014E-05 -1.02333E-02 -3.62653E-04  3.33236E-02  2.22856E-03  1.19196E-02 -9.63859E-04 -1.95043E-04 -1.04685E-01  0.00000E+00 -7.14274E-04  0.00000E+00  0.00000E+00  0.00000E+00  0.00000E+00  0.00000E+00  0.00000E+00  4.59446E-03
 THETA9       -3.97804E+00 -4.22649E+00 -1.06234E-02  4.99047E-01  3.68546E+00 -6.32203E-02  1.45175E-03 -8.23056E-03  2.89735E+01  1.93645E-02  1.17441E-01  4.91024E-02  7.45422E+00 -8.35278E-01  8.40240E+00  1.12375E-01  5.59577E-04 -4.13569E+01  0.00000E+00 -6.14489E-03  0.00000E+00  0.00000E+00  0.00000E+00  0.00000E+00  0.00000E+00  0.00000E+00 -4.11228E-02
 THETA10      -3.64836E-03  1.70381E-02 -6.93383E-06  2.01655E-04  2.15518E-03 -7.83327E-06 -1.70748E-07 -2.32014E-05  1.93645E-02  3.32662E-05  1.12415E-03  4.12380E-05 -2.02061E-03 -7.46023E-04  9.27500E-03  9.11925E-05  9.90937E-07 -1.14758E-02  0.00000E+00 -1.96988E-04  0.00000E+00  0.00000E+00  0.00000E+00  0.00000E+00  0.00000E+00  0.00000E+00  2.20947E-04
 THETA11      -1.50111E+00  1.33428E+01  3.66906E-03 -2.37188E-01  3.57388E-01 -5.98487E-03  4.56769E-04 -1.02333E-02  1.17441E-01  1.12415E-03  1.87646E+00  7.09674E-02 -1.36304E+00 -1.37105E-01  2.72137E-01  1.90589E-02 -5.57808E-05  3.61445E+00  0.00000E+00 -1.37781E-02  0.00000E+00  0.00000E+00  0.00000E+00  0.00000E+00  0.00000E+00  0.00000E+00  2.00770E-02
 THETA12      -6.22020E-02  1.00067E+00  1.06711E-04 -6.88990E-03  4.32813E-02  2.81536E-03  3.44361E-05 -3.62653E-04  4.91024E-02  4.12380E-05  7.09674E-02  8.34315E-03 -5.63635E-02 -1.48606E-02 -4.98798E-02  3.21199E-03 -1.03118E-04  1.24847E-02  0.00000E+00  5.40776E-04  0.00000E+00  0.00000E+00  0.00000E+00  0.00000E+00  0.00000E+00  0.00000E+00 -2.98809E-05
 THETA13       1.62602E+00 -8.86637E+01  3.19689E-02  7.09743E-01 -8.46193E+00 -3.48052E-01 -1.29655E-04  3.33236E-02  7.45422E+00 -2.02061E-03 -1.36304E+00 -5.63635E-02  4.32997E+01  3.78362E-01  4.61995E+00 -2.48348E-02 -5.60821E-03 -8.77338E+01  0.00000E+00  2.95342E-02  0.00000E+00  0.00000E+00  0.00000E+00  0.00000E+00  0.00000E+00  0.00000E+00  3.18811E-02
 THETA14       2.14427E-01 -3.21543E+00  6.57347E-04  1.02202E-02 -2.07842E-01 -2.78495E-03 -1.19968E-04  2.22856E-03 -8.35278E-01 -7.46023E-04 -1.37105E-01 -1.48606E-02  3.78362E-01  1.34280E-01  9.18698E-02 -4.07757E-03  5.53176E-04  7.24598E-01  0.00000E+00 -1.57791E-02  0.00000E+00  0.00000E+00  0.00000E+00  0.00000E+00  0.00000E+00  0.00000E+00 -1.72294E-02
 THETA15      -1.04867E+00 -1.11276E+01  2.21869E-03  1.52053E-01 -7.24274E+00 -3.95236E-01 -9.52453E-04  1.19196E-02  8.40240E+00  9.27500E-03  2.72137E-01 -4.98798E-02  4.61995E+00  9.18698E-02  1.39007E+01  9.89164E-02  1.31870E-03  1.11028E+01  0.00000E+00 -1.56092E-01  0.00000E+00  0.00000E+00  0.00000E+00  0.00000E+00  0.00000E+00  0.00000E+00 -7.40667E-03
 THETA16       8.66587E-03  5.03416E-01  1.32419E-04  1.68090E-03 -7.55109E-03 -7.29130E-03  1.32381E-04 -9.63859E-04  1.12375E-01  9.11925E-05  1.90589E-02  3.21199E-03 -2.48348E-02 -4.07757E-03  9.89164E-02  2.10664E-02 -1.57580E-04  3.04806E+00  0.00000E+00 -4.34602E-03  0.00000E+00  0.00000E+00  0.00000E+00  0.00000E+00  0.00000E+00  0.00000E+00 -3.64862E-03
 SIGMA(1,1)   -3.89759E-03 -1.10948E-01 -8.64472E-06  1.32013E-04 -4.82007E-03  1.16385E-04  8.47359E-08 -1.95043E-04  5.59577E-04  9.90937E-07 -5.57808E-05 -1.03118E-04 -5.60821E-03  5.53176E-04  1.31870E-03 -1.57580E-04  1.06706E-04 -1.47949E-01  0.00000E+00 -1.64498E-04  0.00000E+00  0.00000E+00  0.00000E+00  0.00000E+00  0.00000E+00  0.00000E+00 -2.11726E-05
 OMEGA(1,1)    7.11084E+01  3.25117E+02  2.03197E-01 -1.90896E+00  5.19452E+01  1.52906E+00 -3.92309E-03 -1.04685E-01 -4.13569E+01 -1.14758E-02  3.61445E+00  1.24847E-02 -8.77338E+01  7.24598E-01  1.11028E+01  3.04806E+00 -1.47949E-01  5.76365E+03  0.00000E+00 -2.30083E+00  0.00000E+00  0.00000E+00  0.00000E+00  0.00000E+00  0.00000E+00  0.00000E+00 -1.83403E+00
 OMEGA(2,1)    0.00000E+00  0.00000E+00  0.00000E+00  0.00000E+00  0.00000E+00  0.00000E+00  0.00000E+00  0.00000E+00  0.00000E+00  0.00000E+00  0.00000E+00  0.00000E+00  0.00000E+00  0.00000E+00  0.00000E+00  0.00000E+00  0.00000E+00  0.00000E+00  0.00000E+00  0.00000E+00  0.00000E+00  0.00000E+00  0.00000E+00  0.00000E+00  0.00000E+00  0.00000E+00  0.00000E+00
 OMEGA(2,2)   -8.99709E-03  1.29072E-01 -1.53263E-04  2.82681E-04  7.47133E-02  5.54814E-03  1.47928E-05 -7.14274E-04 -6.14489E-03 -1.96988E-04 -1.37781E-02  5.40776E-04  2.95342E-02 -1.57791E-02 -1.56092E-01 -4.34602E-03 -1.64498E-04 -2.30083E+00  0.00000E+00  9.61229E-03  0.00000E+00  0.00000E+00  0.00000E+00  0.00000E+00  0.00000E+00  0.00000E+00  3.31101E-03
 OMEGA(3,1)    0.00000E+00  0.00000E+00  0.00000E+00  0.00000E+00  0.00000E+00  0.00000E+00  0.00000E+00  0.00000E+00  0.00000E+00  0.00000E+00  0.00000E+00  0.00000E+00  0.00000E+00  0.00000E+00  0.00000E+00  0.00000E+00  0.00000E+00  0.00000E+00  0.00000E+00  0.00000E+00  0.00000E+00  0.00000E+00  0.00000E+00  0.00000E+00  0.00000E+00  0.00000E+00  0.00000E+00
 OMEGA(3,2)    0.00000E+00  0.00000E+00  0.00000E+00  0.00000E+00  0.00000E+00  0.00000E+00  0.00000E+00  0.00000E+00  0.00000E+00  0.00000E+00  0.00000E+00  0.00000E+00  0.00000E+00  0.00000E+00  0.00000E+00  0.00000E+00  0.00000E+00  0.00000E+00  0.00000E+00  0.00000E+00  0.00000E+00  0.00000E+00  0.00000E+00  0.00000E+00  0.00000E+00  0.00000E+00  0.00000E+00
 OMEGA(3,3)    0.00000E+00  0.00000E+00  0.00000E+00  0.00000E+00  0.00000E+00  0.00000E+00  0.00000E+00  0.00000E+00  0.00000E+00  0.00000E+00  0.00000E+00  0.00000E+00  0.00000E+00  0.00000E+00  0.00000E+00  0.00000E+00  0.00000E+00  0.00000E+00  0.00000E+00  0.00000E+00  0.00000E+00  0.00000E+00  0.00000E+00  0.00000E+00  0.00000E+00  0.00000E+00  0.00000E+00
 OMEGA(4,1)    0.00000E+00  0.00000E+00  0.00000E+00  0.00000E+00  0.00000E+00  0.00000E+00  0.00000E+00  0.00000E+00  0.00000E+00  0.00000E+00  0.00000E+00  0.00000E+00  0.00000E+00  0.00000E+00  0.00000E+00  0.00000E+00  0.00000E+00  0.00000E+00  0.00000E+00  0.00000E+00  0.00000E+00  0.00000E+00  0.00000E+00  0.00000E+00  0.00000E+00  0.00000E+00  0.00000E+00
 OMEGA(4,2)    0.00000E+00  0.00000E+00  0.00000E+00  0.00000E+00  0.00000E+00  0.00000E+00  0.00000E+00  0.00000E+00  0.00000E+00  0.00000E+00  0.00000E+00  0.00000E+00  0.00000E+00  0.00000E+00  0.00000E+00  0.00000E+00  0.00000E+00  0.00000E+00  0.00000E+00  0.00000E+00  0.00000E+00  0.00000E+00  0.00000E+00  0.00000E+00  0.00000E+00  0.00000E+00  0.00000E+00
 OMEGA(4,3)    0.00000E+00  0.00000E+00  0.00000E+00  0.00000E+00  0.00000E+00  0.00000E+00  0.00000E+00  0.00000E+00  0.00000E+00  0.00000E+00  0.00000E+00  0.00000E+00  0.00000E+00  0.00000E+00  0.00000E+00  0.00000E+00  0.00000E+00  0.00000E+00  0.00000E+00  0.00000E+00  0.00000E+00  0.00000E+00  0.00000E+00  0.00000E+00  0.00000E+00  0.00000E+00  0.00000E+00
 OMEGA(4,4)   -8.86526E-02 -8.33923E-02  1.80188E-04 -5.65755E-02 -7.22481E-02 -5.06994E-04 -4.48456E-05  4.59446E-03 -4.11228E-02  2.20947E-04  2.00770E-02 -2.98809E-05  3.18811E-02 -1.72294E-02 -7.40667E-03 -3.64862E-03 -2.11726E-05 -1.83403E+00  0.00000E+00  3.31101E-03  0.00000E+00  0.00000E+00  0.00000E+00  0.00000E+00  0.00000E+00  0.00000E+00  8.24686E-02
